255,0,0,0
255,1,1,1
255,3,3,3
255,5,5,5
255,7,7,7
255,9,9,9
255,11,11,11
255,13,13,13
255,15,15,15
255,17,17,17
255,19,19,19
255,21,21,21
255,23,23,23
255,25,25,25
255,27,27,27
255,29,29,29
255,31,31,31
255,33,33,33
255,35,35,35
255,37,37,37
255,39,39,39
255,41,41,41
255,43,43,43
255,45,45,45
255,47,47,47
255,49,49,49
255,51,51,51
255,53,53,53
255,55,55,55
255,57,57,57
255,59,59,59
255,61,61,61
255,63,63,63
255,65,65,65
255,67,67,67
255,69,69,69
255,71,71,71
255,73,73,73
255,75,75,75
255,77,77,77
255,79,79,79
255,81,81,81
255,83,83,83
255,85,85,85
255,87,87,87
255,89,89,89
255,91,91,91
255,93,93,93
255,95,95,95
255,97,97,97
255,99,99,99
255,101,101,101
255,103,103,103
255,105,105,105
255,107,107,107
255,109,109,109
255,111,111,111
255,113,113,113
255,115,115,115
255,117,117,117
255,119,119,119
255,121,121,121
255,123,123,123
255,125,125,125
255,127,127,127
255,129,129,129
255,131,131,131
255,133,133,133
255,135,135,135
255,137,137,137
255,139,139,139
255,141,141,141
255,143,143,143
255,145,145,145
255,147,147,147
255,149,149,149
255,151,151,151
255,153,153,153
255,155,155,155
255,157,157,157
255,159,159,159
255,161,161,161
255,163,163,163
255,165,165,165
255,167,167,167
255,169,169,169
255,171,171,171
255,173,173,173
255,175,175,175
255,177,177,177
255,179,179,179
255,181,181,181
255,183,183,183
255,185,185,185
255,187,187,187
255,189,189,189
255,191,191,191
255,193,193,193
255,195,195,195
255,197,197,197
255,199,199,199
255,201,201,201
255,203,203,203
255,205,205,205
255,207,207,207
255,209,209,209
255,211,211,211
255,213,213,213
255,215,215,215
255,217,217,217
255,219,219,219
255,221,221,221
255,223,223,223
255,225,225,225
255,227,227,227
255,229,229,229
255,231,231,231
255,233,233,233
255,235,235,235
255,237,237,237
255,239,239,239
255,241,241,241
255,243,243,243
255,245,245,245
255,247,247,247
255,249,249,249
255,251,251,251
255,253,253,253
!-0.0397005482703446,-0.0392568597584962,0.701183430552482,0.700229500252008