255,131,203,129
255,195,170,10
255,195,183,96
255,60,61,70
255,156,205,167
255,32,176,13
255,63,128,92
255,129,221,148
255,225,82,203
255,210,134,59
255,245,222,179
255,245,222,179
255,245,222,179
255,245,222,179
255,245,222,179
255,245,222,179
255,245,222,179
255,245,222,179
255,245,222,179
255,245,222,179
255,245,222,179
255,245,222,179
255,245,222,179
255,245,222,179
255,245,222,179
255,245,222,179
255,245,222,179
255,245,222,179
255,245,222,179
255,245,222,179
!-1.29635513846891,-1.29635513774789,0.441851608084986,0.441851606240709