255,19,88,67
255,218,246,72
255,87,21,236
255,14,12,224
255,43,56,65
255,245,246,2
255,123,45,243
255,118,57,225
255,180,71,188
255,226,232,117
255,245,222,179
255,245,222,179
255,245,222,179
255,245,222,179
255,245,222,179
255,245,222,179
255,245,222,179
255,245,222,179
255,245,222,179
255,245,222,179
255,245,222,179
255,245,222,179
255,245,222,179
255,245,222,179
255,245,222,179
255,245,222,179
255,245,222,179
255,245,222,179
255,245,222,179
255,245,222,179
!-0.8879755859375,-0.844206604003906,0.336523986816406,0.243364318847656