255,70,90,245
255,70,90,244
255,70,90,243
255,70,90,241
255,69,90,240
255,69,90,239
255,69,91,237
255,69,91,236
255,68,91,235
255,68,91,233
255,68,91,232
255,68,92,231
255,67,92,229
255,67,92,228
255,67,92,227
255,67,92,225
255,66,93,224
255,66,93,223
255,66,93,221
255,66,93,220
255,65,93,219
255,65,94,217
255,65,94,216
255,65,94,215
255,64,94,213
255,64,94,212
255,64,95,211
255,64,95,209
255,63,95,208
255,63,95,207
255,63,95,205
255,63,96,204
255,62,96,203
255,62,96,201
255,62,96,200
255,62,96,199
255,61,97,197
255,61,97,196
255,61,97,195
255,61,97,193
255,60,97,192
255,60,98,191
255,60,98,189
255,60,98,188
255,59,98,187
255,59,98,185
255,59,98,184
255,59,99,183
255,58,99,181
255,58,99,180
255,58,99,179
255,58,99,177
255,57,100,176
255,57,100,175
255,57,100,173
255,57,100,172
255,56,100,171
255,56,101,169
255,56,101,168
255,56,101,167
255,55,101,165
255,55,101,164
255,55,102,163
255,55,102,161
255,54,102,160
255,54,102,159
255,54,102,157
255,54,103,156
255,53,103,155
255,53,103,153
255,53,103,152
255,53,103,151
255,52,104,149
255,52,104,148
255,52,104,147
255,52,104,145
255,51,104,144
255,51,105,143
255,51,105,141
255,51,105,140
255,50,105,139
255,50,105,137
255,50,106,136
255,50,106,135
255,49,106,133
255,49,106,132
255,49,106,131
255,49,106,129
255,48,107,128
255,48,107,127
255,48,107,125
255,48,107,124
255,47,107,123
255,47,108,121
255,47,108,120
255,47,108,119
255,46,108,117
255,46,108,116
255,46,109,115
255,46,109,113
255,45,109,112
255,45,109,111
255,45,109,109
255,45,110,108
255,44,110,107
255,44,110,105
255,44,110,104
255,44,110,103
255,43,111,101
255,43,111,100
255,43,111,99
255,43,111,97
255,42,111,96
255,42,112,95
255,42,112,93
255,42,112,92
255,41,112,91
255,41,112,89
255,41,113,88
255,41,113,87
255,40,113,85
255,40,113,84
255,40,113,83
255,40,114,81
255,39,114,80
255,39,114,79
255,39,114,77
255,39,114,76
255,26,25,142
255,27,25,142
255,28,26,142
255,29,27,142
255,31,28,142
255,32,29,142
255,33,30,142
255,35,31,142
255,36,32,143
255,37,33,143
255,39,34,143
255,40,35,143
255,41,35,143
255,43,36,143
255,44,37,143
255,45,38,144
255,47,39,144
255,48,40,144
255,49,41,144
255,51,42,144
255,52,43,144
255,53,44,144
255,55,45,145
255,56,46,145
255,57,46,145
255,59,47,145
255,60,48,145
255,61,49,145
255,63,50,145
255,64,51,146
255,65,52,146
255,67,53,146
255,68,54,146
255,69,55,146
255,71,56,146
255,72,56,146
255,73,57,147
255,75,58,147
255,76,59,147
255,77,60,147
255,79,61,147
255,80,62,147
255,81,63,147
255,83,64,148
255,84,65,148
255,85,66,148
255,87,67,148
255,88,67,148
255,89,68,148
255,91,69,148
255,92,70,149
255,93,71,149
255,95,72,149
255,96,73,149
255,97,74,149
255,99,75,149
255,100,76,149
255,101,77,150
255,103,78,150
255,104,78,150
255,105,79,150
255,107,80,150
255,108,81,150
255,109,82,150
255,111,83,151
255,112,84,151
255,113,85,151
255,114,86,151
255,116,87,151
255,117,88,151
255,118,88,151
255,120,89,151
255,121,90,152
255,122,91,152
255,124,92,152
255,125,93,152
255,126,94,152
255,128,95,152
255,129,96,152
255,130,97,153
255,132,98,153
255,133,99,153
255,134,99,153
255,136,100,153
255,137,101,153
255,138,102,153
255,140,103,154
255,141,104,154
255,142,105,154
255,144,106,154
255,145,107,154
255,146,108,154
255,148,109,154
255,149,110,155
255,150,110,155
255,152,111,155
255,153,112,155
255,154,113,155
255,156,114,155
255,157,115,155
255,158,116,156
255,160,117,156
255,161,118,156
255,162,119,156
255,164,120,156
255,165,120,156
255,166,121,156
255,168,122,157
255,169,123,157
255,170,124,157
255,172,125,157
255,173,126,157
255,174,127,157
255,176,128,157
255,177,129,158
255,178,130,158
255,180,131,158
255,181,131,158
255,182,132,158
255,184,133,158
255,185,134,158
255,186,135,159
255,188,136,159
255,189,137,159
255,190,138,159
255,192,139,159
255,193,140,159
255,194,141,159
255,243,188,34
255,243,188,34
255,242,187,34
255,241,187,34
255,241,186,34
255,240,186,34
255,239,185,35
255,238,185,35
255,238,184,35
255,237,184,35
255,236,183,35
255,235,183,36
255,235,182,36
255,234,182,36
255,233,181,36
255,232,181,36
255,232,180,37
255,231,180,37
255,230,179,37
255,229,179,37
255,229,178,37
255,228,178,38
255,227,177,38
255,226,177,38
255,226,176,38
255,225,176,38
255,224,175,39
255,223,175,39
255,223,174,39
255,222,174,39
255,221,173,39
255,220,173,40
255,220,172,40
255,219,172,40
255,218,171,40
255,218,171,40
255,217,170,41
255,216,170,41
255,215,169,41
255,215,169,41
255,214,168,41
255,213,168,42
255,212,167,42
255,212,167,42
255,211,166,42
255,210,166,42
255,209,165,42
255,209,165,43
255,208,164,43
255,207,164,43
255,206,163,43
255,206,163,43
255,205,162,44
255,204,162,44
255,203,161,44
255,203,161,44
255,202,160,44
255,201,160,45
255,200,159,45
255,200,159,45
255,199,158,45
255,198,158,45
255,197,157,46
255,197,157,46
255,196,156,46
255,195,155,46
255,195,155,46
255,194,154,47
255,193,154,47
255,192,153,47
255,192,153,47
255,191,152,47
255,190,152,48
255,189,151,48
255,189,151,48
255,188,150,48
255,187,150,48
255,186,149,49
255,186,149,49
255,185,148,49
255,184,148,49
255,183,147,49
255,183,147,50
255,182,146,50
255,181,146,50
255,180,145,50
255,180,145,50
255,179,144,50
255,178,144,51
255,177,143,51
255,177,143,51
255,176,142,51
255,175,142,51
255,174,141,52
255,174,141,52
255,173,140,52
255,172,140,52
255,172,139,52
255,171,139,53
255,170,138,53
255,169,138,53
255,169,137,53
255,168,137,53
255,167,136,54
255,166,136,54
255,166,135,54
255,165,135,54
255,164,134,54
255,163,134,55
255,163,133,55
255,162,133,55
255,161,132,55
255,160,132,55
255,160,131,56
255,159,131,56
255,158,130,56
255,157,130,56
255,157,129,56
255,156,129,57
255,155,128,57
255,154,128,57
255,154,127,57
255,153,127,57
255,152,126,58
255,151,126,58
255,151,125,58
255,150,125,58
255,149,124,58
!-1.40284259033203,-1.40034973144531,0.00561260986328123,0.00119488525390621