255,252,38,27
255,250,38,27
255,248,38,27
255,246,37,26
255,244,37,26
255,242,36,25
255,240,36,25
255,238,35,25
255,236,35,24
255,234,34,24
255,232,34,23
255,230,33,23
255,228,33,23
255,226,32,22
255,224,32,22
255,222,31,21
255,220,31,21
255,218,30,21
255,216,30,20
255,214,29,20
255,212,29,19
255,210,28,19
255,208,28,19
255,206,27,18
255,204,27,18
255,202,26,17
255,200,26,17
255,198,25,17
255,196,25,16
255,194,24,16
255,192,24,15
255,190,23,15
255,188,23,14
255,186,23,14
255,184,22,14
255,182,22,13
255,180,21,13
255,178,21,12
255,176,20,12
255,174,20,12
255,172,19,11
255,170,19,11
255,168,18,10
255,166,18,10
255,164,17,10
255,162,17,9
255,160,16,9
255,158,16,8
255,156,15,8
255,154,15,8
255,152,14,7
255,150,14,7
255,148,13,6
255,146,13,6
255,144,12,6
255,142,12,5
255,140,11,5
255,138,11,4
255,136,10,4
255,134,10,4
255,132,9,3
255,130,9,3
255,128,8,2
255,126,8,2
255,172,11,2
255,172,12,2
255,172,13,2
255,173,15,2
255,173,16,2
255,174,18,2
255,174,19,2
255,175,20,2
255,175,22,2
255,176,23,2
255,176,25,2
255,177,26,2
255,177,27,2
255,178,29,2
255,178,30,2
255,179,32,2
255,179,33,2
255,179,34,2
255,180,36,2
255,180,37,2
255,181,39,2
255,181,40,2
255,182,41,2
255,182,43,2
255,183,44,2
255,183,46,2
255,184,47,2
255,184,48,2
255,185,50,2
255,185,51,2
255,186,53,2
255,186,54,2
255,187,56,1
255,187,57,1
255,187,58,1
255,188,60,1
255,188,61,1
255,189,63,1
255,189,64,1
255,190,65,1
255,190,67,1
255,191,68,1
255,191,70,1
255,192,71,1
255,192,72,1
255,193,74,1
255,193,75,1
255,194,77,1
255,194,78,1
255,194,79,1
255,195,81,1
255,195,82,1
255,196,84,1
255,196,85,1
255,197,86,1
255,197,88,1
255,198,89,1
255,198,91,1
255,199,92,1
255,199,93,1
255,200,95,1
255,200,96,1
255,201,98,1
255,201,99,1
255,254,175,171
255,254,176,171
255,254,177,171
255,254,178,171
255,254,180,171
255,254,181,171
255,254,182,170
255,254,183,170
255,254,185,170
255,254,186,170
255,254,187,170
255,254,188,169
255,254,190,169
255,254,191,169
255,254,192,169
255,254,193,169
255,254,195,168
255,254,196,168
255,254,197,168
255,254,198,168
255,254,200,168
255,254,201,168
255,254,202,167
255,254,203,167
255,254,205,167
255,254,206,167
255,254,207,167
255,254,208,166
255,254,210,166
255,254,211,166
255,254,212,166
255,254,213,166
255,254,215,165
255,254,216,165
255,254,217,165
255,254,218,165
255,254,220,165
255,254,221,165
255,254,222,164
255,254,223,164
255,254,225,164
255,254,226,164
255,254,227,164
255,254,228,163
255,254,230,163
255,254,231,163
255,254,232,163
255,254,233,163
255,254,235,162
255,254,236,162
255,254,237,162
255,254,238,162
255,254,240,162
255,254,241,162
255,254,242,161
255,254,243,161
255,254,245,161
255,254,246,161
255,254,247,161
255,254,248,160
255,254,250,160
255,254,251,160
255,254,252,160
255,254,253,160
!-0.719079681396484,-0.697163299560547,0.301892211914062,0.299085845947265