255,0,0,64
255,0,0,64
255,0,1,65
255,0,2,66
255,0,3,66
255,0,4,67
255,0,5,68
255,0,6,69
255,0,7,69
255,0,8,70
255,0,9,71
255,0,10,72
255,0,11,72
255,0,12,73
255,0,13,74
255,0,14,75
255,0,15,75
255,0,16,76
255,0,17,77
255,0,18,78
255,0,19,78
255,0,20,79
255,0,21,80
255,0,22,81
255,0,23,81
255,0,24,82
255,0,25,83
255,0,26,84
255,0,27,84
255,0,28,85
255,0,29,86
255,0,30,87
255,0,31,87
255,0,32,88
255,0,33,89
255,0,34,90
255,0,35,90
255,0,36,91
255,0,37,92
255,0,38,93
255,0,39,93
255,0,40,94
255,0,41,95
255,0,42,96
255,0,43,96
255,0,44,97
255,0,45,98
255,0,46,99
255,0,47,99
255,0,48,100
255,0,49,101
255,0,50,102
255,0,51,102
255,0,52,103
255,0,53,104
255,0,54,105
255,0,55,105
255,0,56,106
255,0,57,107
255,0,58,108
255,0,59,108
255,0,60,109
255,0,61,110
255,0,62,111
255,0,63,111
255,0,64,112
255,0,65,113
255,0,66,113
255,0,67,114
255,0,68,115
255,0,69,116
255,0,70,116
255,0,71,117
255,0,72,118
255,0,73,119
255,0,74,119
255,0,75,120
255,0,76,121
255,0,77,122
255,0,78,122
255,0,79,123
255,0,80,124
255,0,81,125
255,0,82,125
255,0,83,126
255,0,84,127
255,0,85,128
255,0,86,128
255,0,87,129
255,0,88,130
255,0,89,131
255,0,90,131
255,0,91,132
255,0,92,133
255,0,93,134
255,0,94,134
255,0,95,135
255,0,96,136
255,0,97,137
255,0,98,137
255,0,99,138
255,0,100,139
255,0,101,140
255,0,102,140
255,0,103,141
255,0,104,142
255,0,105,143
255,0,106,143
255,0,107,144
255,0,108,145
255,0,109,146
255,0,110,146
255,0,111,147
255,0,112,148
255,0,113,149
255,0,114,149
255,0,115,150
255,0,116,151
255,0,117,152
255,0,118,152
255,0,119,153
255,0,120,154
255,0,121,155
255,0,122,155
255,0,123,156
255,0,124,157
255,0,125,158
255,0,126,158
255,0,127,159
255,0,128,160
255,0,129,160
255,0,130,161
255,0,131,162
255,0,132,163
255,0,133,163
255,0,134,164
255,0,135,165
255,0,136,166
255,0,137,166
255,0,138,167
255,0,139,168
255,0,140,169
255,0,141,169
255,0,142,170
255,0,143,171
255,0,144,172
255,0,145,172
255,0,146,173
255,0,147,174
255,0,148,175
255,0,149,175
255,0,150,176
255,0,151,177
255,0,152,178
255,0,153,178
255,0,154,179
255,0,155,180
255,0,156,181
255,0,157,181
255,0,158,182
255,0,159,183
255,0,160,184
255,0,161,184
255,0,162,185
255,0,163,186
255,0,164,187
255,0,165,187
255,0,166,188
255,0,167,189
255,0,168,190
255,0,169,190
255,0,170,191
255,0,171,192
255,0,172,193
255,0,173,193
255,0,174,194
255,0,175,195
255,0,176,196
255,0,177,196
255,0,178,197
255,0,179,198
255,0,180,199
255,0,181,199
255,0,182,200
255,0,183,201
255,0,184,202
255,0,185,202
255,0,186,203
255,0,187,204
255,0,188,205
255,0,189,205
255,0,190,206
255,0,191,207
255,0,192,207
255,0,193,208
255,0,194,209
255,0,195,210
255,0,196,210
255,0,197,211
255,0,198,212
255,0,199,213
255,0,200,213
255,0,201,214
255,0,202,215
255,0,203,216
255,0,204,216
255,0,205,217
255,0,206,218
255,0,207,219
255,0,208,219
255,0,209,220
255,0,210,221
255,0,211,222
255,0,212,222
255,0,213,223
255,0,214,224
255,0,215,225
255,0,216,225
255,0,217,226
255,0,218,227
255,0,219,228
255,0,220,228
255,0,221,229
255,0,222,230
255,0,223,231
255,0,224,231
255,0,225,232
255,0,226,233
255,0,227,234
255,0,228,234
255,0,229,235
255,0,230,236
255,0,231,237
255,0,232,237
255,0,233,238
255,0,234,239
255,0,235,240
255,0,236,240
255,0,237,241
255,0,238,242
255,0,239,243
255,0,240,243
255,0,241,244
255,0,242,245
255,0,243,246
255,0,244,246
255,0,245,247
255,0,246,248
255,0,247,249
255,0,248,249
255,0,249,250
255,0,250,251
255,0,251,252
255,0,252,252
255,0,253,253
255,0,254,254
!0.357324406938679,0.357378593904308,-0.0692437403682922,-0.0693134093241021