255,0,0,0
255,57,17,13
255,114,34,26
255,171,51,39
255,228,68,52
255,29,85,65
255,86,102,78
255,143,119,91
255,200,136,104
255,1,153,117
255,245,222,179
255,245,222,179
255,245,222,179
255,245,222,179
255,245,222,179
255,245,222,179
255,245,222,179
255,245,222,179
255,245,222,179
255,245,222,179
255,245,222,179
255,245,222,179
255,245,222,179
255,245,222,179
255,245,222,179
255,245,222,179
255,245,222,179
255,245,222,179
255,245,222,179
255,245,222,179
!-0.865612822102889,-0.865539758731579,0.227199064880298,0.226964276967999