255,0,128,0
255,0,128,0
255,0,128,0
255,1,128,0
255,1,128,0
255,2,129,0
255,2,129,0
255,3,129,0
255,3,129,0
255,4,130,0
255,4,130,0
255,5,130,0
255,5,130,0
255,6,131,0
255,6,131,0
255,7,131,0
255,7,131,0
255,8,132,0
255,8,132,0
255,9,132,0
255,9,132,0
255,10,133,0
255,10,133,0
255,11,133,0
255,11,133,0
255,12,134,0
255,12,134,0
255,13,134,0
255,13,134,0
255,14,135,0
255,14,135,0
255,15,135,0
255,15,135,0
255,16,136,0
255,16,136,0
255,17,136,0
255,17,136,0
255,18,137,0
255,18,137,0
255,19,137,0
255,19,137,0
255,20,138,0
255,20,138,0
255,21,138,0
255,21,138,0
255,22,139,0
255,22,139,0
255,23,139,0
255,23,139,0
255,24,140,0
255,24,140,0
255,25,140,0
255,25,140,0
255,26,141,0
255,26,141,0
255,27,141,0
255,27,141,0
255,28,142,0
255,28,142,0
255,29,142,0
255,29,142,0
255,30,143,0
255,30,143,0
255,31,143,0
255,31,143,0
255,32,144,0
255,32,144,0
255,33,144,0
255,33,144,0
255,34,145,0
255,34,145,0
255,35,145,0
255,35,145,0
255,36,146,0
255,36,146,0
255,37,146,0
255,37,146,0
255,38,147,0
255,38,147,0
255,39,147,0
255,39,147,0
255,40,148,0
255,40,148,0
255,41,148,0
255,41,148,0
255,42,149,0
255,42,149,0
255,43,149,0
255,43,149,0
255,44,150,0
255,44,150,0
255,45,150,0
255,45,150,0
255,46,151,0
255,46,151,0
255,47,151,0
255,47,151,0
255,48,152,0
255,48,152,0
255,49,152,0
255,49,152,0
255,50,153,0
255,50,153,0
255,51,153,0
255,51,153,0
255,52,154,0
255,52,154,0
255,53,154,0
255,53,154,0
255,54,155,0
255,54,155,0
255,55,155,0
255,55,155,0
255,56,156,0
255,56,156,0
255,57,156,0
255,57,156,0
255,58,157,0
255,58,157,0
255,59,157,0
255,59,157,0
255,60,158,0
255,60,158,0
255,61,158,0
255,61,158,0
255,62,159,0
255,62,159,0
255,63,159,0
255,63,159,0
255,64,159,0
255,64,160,0
255,65,160,0
255,65,160,0
255,66,160,0
255,66,161,0
255,67,161,0
255,67,161,0
255,68,161,0
255,68,162,0
255,69,162,0
255,69,162,0
255,70,162,0
255,70,163,0
255,71,163,0
255,71,163,0
255,72,163,0
255,72,164,0
255,73,164,0
255,73,164,0
255,74,164,0
255,74,165,0
255,75,165,0
255,75,165,0
255,76,165,0
255,76,166,0
255,77,166,0
255,77,166,0
255,78,166,0
255,78,167,0
255,79,167,0
255,79,167,0
255,80,167,0
255,80,168,0
255,81,168,0
255,81,168,0
255,82,168,0
255,82,169,0
255,83,169,0
255,83,169,0
255,84,169,0
255,84,170,0
255,85,170,0
255,85,170,0
255,86,170,0
255,86,171,0
255,87,171,0
255,87,171,0
255,88,171,0
255,88,172,0
255,89,172,0
255,89,172,0
255,90,172,0
255,90,173,0
255,91,173,0
255,91,173,0
255,92,173,0
255,92,174,0
255,93,174,0
255,93,174,0
255,94,174,0
255,94,175,0
255,95,175,0
255,95,175,0
255,96,175,0
255,96,176,0
255,97,176,0
255,97,176,0
255,98,176,0
255,98,177,0
255,99,177,0
255,99,177,0
255,100,177,0
255,100,178,0
255,101,178,0
255,101,178,0
255,102,178,0
255,102,179,0
255,103,179,0
255,103,179,0
255,104,179,0
255,104,180,0
255,105,180,0
255,105,180,0
255,106,180,0
255,106,181,0
255,107,181,0
255,107,181,0
255,108,181,0
255,108,182,0
255,109,182,0
255,109,182,0
255,110,182,0
255,110,183,0
255,111,183,0
255,111,183,0
255,112,183,0
255,112,184,0
255,113,184,0
255,113,184,0
255,114,184,0
255,114,185,0
255,115,185,0
255,115,185,0
255,116,185,0
255,116,186,0
255,117,186,0
255,117,186,0
255,118,186,0
255,118,187,0
255,119,187,0
255,119,187,0
255,120,187,0
255,120,188,0
255,121,188,0
255,121,188,0
255,122,188,0
255,122,189,0
255,123,189,0
255,123,189,0
255,124,189,0
255,124,190,0
255,125,190,0
255,125,190,0
255,126,190,0
255,126,191,0
255,127,191,0
255,127,191,0
255,127,191,0
255,128,191,0
255,128,192,0
255,129,192,0
255,129,192,0
255,130,192,0
255,130,193,0
255,131,193,0
255,131,193,0
255,132,193,0
255,132,194,0
255,133,194,0
255,133,194,0
255,134,194,0
255,134,195,0
255,135,195,0
255,135,195,0
255,136,195,0
255,136,196,0
255,137,196,0
255,137,196,0
255,138,196,0
255,138,197,0
255,139,197,0
255,139,197,0
255,140,197,0
255,140,198,0
255,141,198,0
255,141,198,0
255,142,198,0
255,142,199,0
255,143,199,0
255,143,199,0
255,144,199,0
255,144,200,0
255,145,200,0
255,145,200,0
255,146,200,0
255,146,201,0
255,147,201,0
255,147,201,0
255,148,201,0
255,148,202,0
255,149,202,0
255,149,202,0
255,150,202,0
255,150,203,0
255,151,203,0
255,151,203,0
255,152,203,0
255,152,204,0
255,153,204,0
255,153,204,0
255,154,204,0
255,154,205,0
255,155,205,0
255,155,205,0
255,156,205,0
255,156,206,0
255,157,206,0
255,157,206,0
255,158,206,0
255,158,207,0
255,159,207,0
255,159,207,0
255,160,207,0
255,160,208,0
255,161,208,0
255,161,208,0
255,162,208,0
255,162,209,0
255,163,209,0
255,163,209,0
255,164,209,0
255,164,210,0
255,165,210,0
255,165,210,0
255,166,210,0
255,166,211,0
255,167,211,0
255,167,211,0
255,168,211,0
255,168,212,0
255,169,212,0
255,169,212,0
255,170,212,0
255,170,213,0
255,171,213,0
255,171,213,0
255,172,213,0
255,172,214,0
255,173,214,0
255,173,214,0
255,174,214,0
255,174,215,0
255,175,215,0
255,175,215,0
255,176,215,0
255,176,216,0
255,177,216,0
255,177,216,0
255,178,216,0
255,178,217,0
255,179,217,0
255,179,217,0
255,180,217,0
255,180,218,0
255,181,218,0
255,181,218,0
255,182,218,0
255,182,219,0
255,183,219,0
255,183,219,0
255,184,219,0
255,184,220,0
255,185,220,0
255,185,220,0
255,186,220,0
255,186,221,0
255,187,221,0
255,187,221,0
255,188,221,0
255,188,222,0
255,189,222,0
255,189,222,0
255,190,222,0
255,190,223,0
255,191,223,0
255,191,223,0
255,192,223,0
255,192,223,0
255,193,224,0
255,193,224,0
255,194,224,0
255,194,224,0
255,195,225,0
255,195,225,0
255,196,225,0
255,196,225,0
255,197,226,0
255,197,226,0
255,198,226,0
255,198,226,0
255,199,227,0
255,199,227,0
255,200,227,0
255,200,227,0
255,201,228,0
255,201,228,0
255,202,228,0
255,202,228,0
255,203,229,0
255,203,229,0
255,204,229,0
255,204,229,0
255,205,230,0
255,205,230,0
255,206,230,0
255,206,230,0
255,207,231,0
255,207,231,0
255,208,231,0
255,208,231,0
255,209,232,0
255,209,232,0
255,210,232,0
255,210,232,0
255,211,233,0
255,211,233,0
255,212,233,0
255,212,233,0
255,213,234,0
255,213,234,0
255,214,234,0
255,214,234,0
255,215,235,0
255,215,235,0
255,216,235,0
255,216,235,0
255,217,236,0
255,217,236,0
255,218,236,0
255,218,236,0
255,219,237,0
255,219,237,0
255,220,237,0
255,220,237,0
255,221,238,0
255,221,238,0
255,222,238,0
255,222,238,0
255,223,239,0
255,223,239,0
255,224,239,0
255,224,239,0
255,225,240,0
255,225,240,0
255,226,240,0
255,226,240,0
255,227,241,0
255,227,241,0
255,228,241,0
255,228,241,0
255,229,242,0
255,229,242,0
255,230,242,0
255,230,242,0
255,231,243,0
255,231,243,0
255,232,243,0
255,232,243,0
255,233,244,0
255,233,244,0
255,234,244,0
255,234,244,0
255,235,245,0
255,235,245,0
255,236,245,0
255,236,245,0
255,237,246,0
255,237,246,0
255,238,246,0
255,238,246,0
255,239,247,0
255,239,247,0
255,240,247,0
255,240,247,0
255,241,248,0
255,241,248,0
255,242,248,0
255,242,248,0
255,243,249,0
255,243,249,0
255,244,249,0
255,244,249,0
255,245,250,0
255,245,250,0
255,246,250,0
255,246,250,0
255,247,251,0
255,247,251,0
255,248,251,0
255,248,251,0
255,249,252,0
255,249,252,0
255,250,252,0
255,250,252,0
255,251,253,0
255,251,253,0
255,252,253,0
255,252,253,0
255,253,254,0
255,253,254,0
255,254,254,0
255,254,254,0
!-0.660840225219727,-0.640908432006836,0.373622894287109,0.386698150634766