255,232,189,193
255,133,126,84
255,201,9,29
255,168,52,74
255,26,33,26
255,173,1,123
255,65,219,176
255,21,191,235
255,86,169,24
255,102,126,88
255,245,222,179
255,245,222,179
255,245,222,179
255,245,222,179
255,245,222,179
255,245,222,179
255,245,222,179
255,245,222,179
255,245,222,179
255,245,222,179
255,245,222,179
255,245,222,179
255,245,222,179
255,245,222,179
255,245,222,179
255,245,222,179
255,245,222,179
255,245,222,179
255,245,222,179
255,245,222,179
!-0.97517578125,-0.8768359375,0.46416015625,0.3140625